lat = 61.255556 
lon = 1.853889
