lat = 46.75009
lon = -48.78161
