lat = 27.195278 
lon = -90.026944
