lat = 29.10499958
lon = -87.93832958
