lat = 28.19013
lon = -88.49552
