lat = 8.48863 
lon = 108.67737
